2023/01/17-21:59:00.070013 209a3e2c0 RocksDB version: 6.12.7
2023/01/17-21:59:00.070038 209a3e2c0 Git sha rocksdb_build_git_sha:@0@
2023/01/17-21:59:00.070039 209a3e2c0 Compile date Jul 27 2021
2023/01/17-21:59:00.070050 209a3e2c0 DB SUMMARY
2023/01/17-21:59:00.070051 209a3e2c0 DB Session ID:  OAXODQ09RUIL2ZSWE67N
2023/01/17-21:59:00.070086 209a3e2c0 CURRENT file:  CURRENT
2023/01/17-21:59:00.070087 209a3e2c0 IDENTITY file:  IDENTITY
2023/01/17-21:59:00.070094 209a3e2c0 MANIFEST file:  MANIFEST-000004 size: 752 Bytes
2023/01/17-21:59:00.070096 209a3e2c0 SST files in /Users/yugo/dfinity/motokobootcamp2023/.dfx/network/local/state/replicated_state/node-100/ic_consensus_pool/certification dir, Total Num: 2, files: 000013.sst 000016.sst 
2023/01/17-21:59:00.070097 209a3e2c0 Write Ahead Log file in /Users/yugo/dfinity/motokobootcamp2023/.dfx/network/local/state/replicated_state/node-100/ic_consensus_pool/certification: 000011.log size: 242 ; 000014.log size: 2174977 ; 
2023/01/17-21:59:00.070098 209a3e2c0                         Options.error_if_exists: 0
2023/01/17-21:59:00.070099 209a3e2c0                       Options.create_if_missing: 1
2023/01/17-21:59:00.070100 209a3e2c0                         Options.paranoid_checks: 1
2023/01/17-21:59:00.070101 209a3e2c0                                     Options.env: 0x10756fe18
2023/01/17-21:59:00.070102 209a3e2c0                                      Options.fs: Posix File System
2023/01/17-21:59:00.070103 209a3e2c0                                Options.info_log: 0x7fc0fd762a80
2023/01/17-21:59:00.070104 209a3e2c0                Options.max_file_opening_threads: 16
2023/01/17-21:59:00.070104 209a3e2c0                              Options.statistics: 0x0
2023/01/17-21:59:00.070105 209a3e2c0                               Options.use_fsync: 1
2023/01/17-21:59:00.070106 209a3e2c0                       Options.max_log_file_size: 0
2023/01/17-21:59:00.070107 209a3e2c0                  Options.max_manifest_file_size: 1073741824
2023/01/17-21:59:00.070107 209a3e2c0                   Options.log_file_time_to_roll: 0
2023/01/17-21:59:00.070108 209a3e2c0                       Options.keep_log_file_num: 1000
2023/01/17-21:59:00.070109 209a3e2c0                    Options.recycle_log_file_num: 0
2023/01/17-21:59:00.070110 209a3e2c0                         Options.allow_fallocate: 1
2023/01/17-21:59:00.070110 209a3e2c0                        Options.allow_mmap_reads: 0
2023/01/17-21:59:00.070111 209a3e2c0                       Options.allow_mmap_writes: 0
2023/01/17-21:59:00.070112 209a3e2c0                        Options.use_direct_reads: 0
2023/01/17-21:59:00.070113 209a3e2c0                        Options.use_direct_io_for_flush_and_compaction: 0
2023/01/17-21:59:00.070113 209a3e2c0          Options.create_missing_column_families: 1
2023/01/17-21:59:00.070114 209a3e2c0                              Options.db_log_dir: 
2023/01/17-21:59:00.070115 209a3e2c0                                 Options.wal_dir: /Users/yugo/dfinity/motokobootcamp2023/.dfx/network/local/state/replicated_state/node-100/ic_consensus_pool/certification
2023/01/17-21:59:00.070116 209a3e2c0                Options.table_cache_numshardbits: 6
2023/01/17-21:59:00.070116 209a3e2c0                         Options.WAL_ttl_seconds: 0
2023/01/17-21:59:00.070117 209a3e2c0                       Options.WAL_size_limit_MB: 0
2023/01/17-21:59:00.070118 209a3e2c0                        Options.max_write_batch_group_size_bytes: 1048576
2023/01/17-21:59:00.070119 209a3e2c0             Options.manifest_preallocation_size: 4194304
2023/01/17-21:59:00.070119 209a3e2c0                     Options.is_fd_close_on_exec: 1
2023/01/17-21:59:00.070120 209a3e2c0                   Options.advise_random_on_open: 1
2023/01/17-21:59:00.070121 209a3e2c0                    Options.db_write_buffer_size: 0
2023/01/17-21:59:00.070122 209a3e2c0                    Options.write_buffer_manager: 0x7fc0fd762a00
2023/01/17-21:59:00.070122 209a3e2c0         Options.access_hint_on_compaction_start: 1
2023/01/17-21:59:00.070123 209a3e2c0  Options.new_table_reader_for_compaction_inputs: 0
2023/01/17-21:59:00.070124 209a3e2c0           Options.random_access_max_buffer_size: 1048576
2023/01/17-21:59:00.070137 209a3e2c0                      Options.use_adaptive_mutex: 0
2023/01/17-21:59:00.070138 209a3e2c0                            Options.rate_limiter: 0x0
2023/01/17-21:59:00.070139 209a3e2c0     Options.sst_file_manager.rate_bytes_per_sec: 0
2023/01/17-21:59:00.070140 209a3e2c0                       Options.wal_recovery_mode: 2
2023/01/17-21:59:00.070141 209a3e2c0                  Options.enable_thread_tracking: 0
2023/01/17-21:59:00.070141 209a3e2c0                  Options.enable_pipelined_write: 0
2023/01/17-21:59:00.070142 209a3e2c0                  Options.unordered_write: 0
2023/01/17-21:59:00.070143 209a3e2c0         Options.allow_concurrent_memtable_write: 1
2023/01/17-21:59:00.070144 209a3e2c0      Options.enable_write_thread_adaptive_yield: 1
2023/01/17-21:59:00.070144 209a3e2c0             Options.write_thread_max_yield_usec: 100
2023/01/17-21:59:00.070145 209a3e2c0            Options.write_thread_slow_yield_usec: 3
2023/01/17-21:59:00.070146 209a3e2c0                               Options.row_cache: None
2023/01/17-21:59:00.070147 209a3e2c0                              Options.wal_filter: None
2023/01/17-21:59:00.070148 209a3e2c0             Options.avoid_flush_during_recovery: 0
2023/01/17-21:59:00.070148 209a3e2c0             Options.allow_ingest_behind: 0
2023/01/17-21:59:00.070149 209a3e2c0             Options.preserve_deletes: 0
2023/01/17-21:59:00.070150 209a3e2c0             Options.two_write_queues: 0
2023/01/17-21:59:00.070151 209a3e2c0             Options.manual_wal_flush: 0
2023/01/17-21:59:00.070151 209a3e2c0             Options.atomic_flush: 0
2023/01/17-21:59:00.070152 209a3e2c0             Options.avoid_unnecessary_blocking_io: 0
2023/01/17-21:59:00.070153 209a3e2c0                 Options.persist_stats_to_disk: 0
2023/01/17-21:59:00.070154 209a3e2c0                 Options.write_dbid_to_manifest: 0
2023/01/17-21:59:00.070154 209a3e2c0                 Options.log_readahead_size: 0
2023/01/17-21:59:00.070155 209a3e2c0                 Options.file_checksum_gen_factory: Unknown
2023/01/17-21:59:00.070156 209a3e2c0                 Options.best_efforts_recovery: 0
2023/01/17-21:59:00.070157 209a3e2c0                Options.max_bgerror_resume_count: 2147483647
2023/01/17-21:59:00.070157 209a3e2c0            Options.bgerror_resume_retry_interval: 1000000
2023/01/17-21:59:00.070158 209a3e2c0             Options.max_background_jobs: 2
2023/01/17-21:59:00.070159 209a3e2c0             Options.max_background_compactions: -1
2023/01/17-21:59:00.070160 209a3e2c0             Options.max_subcompactions: 1
2023/01/17-21:59:00.070160 209a3e2c0             Options.avoid_flush_during_shutdown: 0
2023/01/17-21:59:00.070161 209a3e2c0           Options.writable_file_max_buffer_size: 1048576
2023/01/17-21:59:00.070162 209a3e2c0             Options.delayed_write_rate : 16777216
2023/01/17-21:59:00.070163 209a3e2c0             Options.max_total_wal_size: 0
2023/01/17-21:59:00.070163 209a3e2c0             Options.delete_obsolete_files_period_micros: 21600000000
2023/01/17-21:59:00.070164 209a3e2c0                   Options.stats_dump_period_sec: 600
2023/01/17-21:59:00.070165 209a3e2c0                 Options.stats_persist_period_sec: 600
2023/01/17-21:59:00.070166 209a3e2c0                 Options.stats_history_buffer_size: 1048576
2023/01/17-21:59:00.070167 209a3e2c0                          Options.max_open_files: -1
2023/01/17-21:59:00.070167 209a3e2c0                          Options.bytes_per_sync: 0
2023/01/17-21:59:00.070168 209a3e2c0                      Options.wal_bytes_per_sync: 0
2023/01/17-21:59:00.070169 209a3e2c0                   Options.strict_bytes_per_sync: 0
2023/01/17-21:59:00.070170 209a3e2c0       Options.compaction_readahead_size: 0
2023/01/17-21:59:00.070170 209a3e2c0                  Options.max_background_flushes: -1
2023/01/17-21:59:00.070171 209a3e2c0 Compression algorithms supported:
2023/01/17-21:59:00.070172 209a3e2c0 	kZSTD supported: 1
2023/01/17-21:59:00.070173 209a3e2c0 	kZlibCompression supported: 1
2023/01/17-21:59:00.070174 209a3e2c0 	kXpressCompression supported: 0
2023/01/17-21:59:00.070181 209a3e2c0 	kSnappyCompression supported: 1
2023/01/17-21:59:00.070182 209a3e2c0 	kZSTDNotFinalCompression supported: 1
2023/01/17-21:59:00.070183 209a3e2c0 	kLZ4HCCompression supported: 1
2023/01/17-21:59:00.070183 209a3e2c0 	kLZ4Compression supported: 1
2023/01/17-21:59:00.070184 209a3e2c0 	kBZip2Compression supported: 1
2023/01/17-21:59:00.070185 209a3e2c0 Fast CRC32 supported: Supported on x86
2023/01/17-21:59:00.070394 209a3e2c0 [db/version_set.cc:4560] Recovering from manifest file: /Users/yugo/dfinity/motokobootcamp2023/.dfx/network/local/state/replicated_state/node-100/ic_consensus_pool/certification/MANIFEST-000004
2023/01/17-21:59:00.070426 209a3e2c0 [db/column_family.cc:580] --------------- Options for column family [default]:
2023/01/17-21:59:00.070428 209a3e2c0               Options.comparator: leveldb.BytewiseComparator
2023/01/17-21:59:00.070428 209a3e2c0           Options.merge_operator: None
2023/01/17-21:59:00.070429 209a3e2c0        Options.compaction_filter: None
2023/01/17-21:59:00.070430 209a3e2c0        Options.compaction_filter_factory: None
2023/01/17-21:59:00.070431 209a3e2c0  Options.sst_partitioner_factory: None
2023/01/17-21:59:00.070432 209a3e2c0         Options.memtable_factory: SkipListFactory
2023/01/17-21:59:00.070433 209a3e2c0            Options.table_factory: BlockBasedTable
2023/01/17-21:59:00.070446 209a3e2c0            table_factory options:   flush_block_policy_factory: FlushBlockBySizePolicyFactory (0x7fc0fd75e520)
  cache_index_and_filter_blocks: 0
  cache_index_and_filter_blocks_with_high_priority: 1
  pin_l0_filter_and_index_blocks_in_cache: 0
  pin_top_level_index_and_filter: 1
  index_type: 0
  data_block_index_type: 0
  index_shortening: 1
  data_block_hash_table_util_ratio: 0.750000
  hash_index_allow_collision: 1
  checksum: 1
  no_block_cache: 0
  block_cache: 0x7fc0fd761f78
  block_cache_name: LRUCache
  block_cache_options:
    capacity : 8388608
    num_shard_bits : 4
    strict_capacity_limit : 0
    memory_allocator : None
    high_pri_pool_ratio: 0.000
  block_cache_compressed: 0x0
  persistent_cache: 0x0
  block_size: 4096
  block_size_deviation: 10
  block_restart_interval: 16
  index_block_restart_interval: 1
  metadata_block_size: 4096
  partition_filters: 0
  use_delta_encoding: 1
  filter_policy: nullptr
  whole_key_filtering: 1
  verify_compression: 0
  read_amp_bytes_per_bit: 0
  format_version: 4
  enable_index_compression: 1
  block_align: 0
2023/01/17-21:59:00.070447 209a3e2c0        Options.write_buffer_size: 67108864
2023/01/17-21:59:00.070448 209a3e2c0  Options.max_write_buffer_number: 2
2023/01/17-21:59:00.070448 209a3e2c0          Options.compression: Snappy
2023/01/17-21:59:00.070449 209a3e2c0                  Options.bottommost_compression: Disabled
2023/01/17-21:59:00.070450 209a3e2c0       Options.prefix_extractor: nullptr
2023/01/17-21:59:00.070451 209a3e2c0   Options.memtable_insert_with_hint_prefix_extractor: nullptr
2023/01/17-21:59:00.070452 209a3e2c0             Options.num_levels: 7
2023/01/17-21:59:00.070453 209a3e2c0        Options.min_write_buffer_number_to_merge: 1
2023/01/17-21:59:00.070453 209a3e2c0     Options.max_write_buffer_number_to_maintain: 0
2023/01/17-21:59:00.070454 209a3e2c0     Options.max_write_buffer_size_to_maintain: 0
2023/01/17-21:59:00.070455 209a3e2c0            Options.bottommost_compression_opts.window_bits: -14
2023/01/17-21:59:00.070456 209a3e2c0                  Options.bottommost_compression_opts.level: 32767
2023/01/17-21:59:00.070457 209a3e2c0               Options.bottommost_compression_opts.strategy: 0
2023/01/17-21:59:00.070458 209a3e2c0         Options.bottommost_compression_opts.max_dict_bytes: 0
2023/01/17-21:59:00.070458 209a3e2c0         Options.bottommost_compression_opts.zstd_max_train_bytes: 0
2023/01/17-21:59:00.070459 209a3e2c0         Options.bottommost_compression_opts.parallel_threads: 1
2023/01/17-21:59:00.070460 209a3e2c0                  Options.bottommost_compression_opts.enabled: false
2023/01/17-21:59:00.070461 209a3e2c0            Options.compression_opts.window_bits: -14
2023/01/17-21:59:00.070469 209a3e2c0                  Options.compression_opts.level: 32767
2023/01/17-21:59:00.070470 209a3e2c0               Options.compression_opts.strategy: 0
2023/01/17-21:59:00.070471 209a3e2c0         Options.compression_opts.max_dict_bytes: 0
2023/01/17-21:59:00.070472 209a3e2c0         Options.compression_opts.zstd_max_train_bytes: 0
2023/01/17-21:59:00.070472 209a3e2c0         Options.compression_opts.parallel_threads: 1
2023/01/17-21:59:00.070473 209a3e2c0                  Options.compression_opts.enabled: false
2023/01/17-21:59:00.070474 209a3e2c0      Options.level0_file_num_compaction_trigger: 4
2023/01/17-21:59:00.070475 209a3e2c0          Options.level0_slowdown_writes_trigger: 20
2023/01/17-21:59:00.070475 209a3e2c0              Options.level0_stop_writes_trigger: 36
2023/01/17-21:59:00.070476 209a3e2c0                   Options.target_file_size_base: 67108864
2023/01/17-21:59:00.070477 209a3e2c0             Options.target_file_size_multiplier: 1
2023/01/17-21:59:00.070478 209a3e2c0                Options.max_bytes_for_level_base: 268435456
2023/01/17-21:59:00.070479 209a3e2c0 Options.level_compaction_dynamic_level_bytes: 0
2023/01/17-21:59:00.070479 209a3e2c0          Options.max_bytes_for_level_multiplier: 10.000000
2023/01/17-21:59:00.070481 209a3e2c0 Options.max_bytes_for_level_multiplier_addtl[0]: 1
2023/01/17-21:59:00.070481 209a3e2c0 Options.max_bytes_for_level_multiplier_addtl[1]: 1
2023/01/17-21:59:00.070482 209a3e2c0 Options.max_bytes_for_level_multiplier_addtl[2]: 1
2023/01/17-21:59:00.070483 209a3e2c0 Options.max_bytes_for_level_multiplier_addtl[3]: 1
2023/01/17-21:59:00.070484 209a3e2c0 Options.max_bytes_for_level_multiplier_addtl[4]: 1
2023/01/17-21:59:00.070485 209a3e2c0 Options.max_bytes_for_level_multiplier_addtl[5]: 1
2023/01/17-21:59:00.070485 209a3e2c0 Options.max_bytes_for_level_multiplier_addtl[6]: 1
2023/01/17-21:59:00.070486 209a3e2c0       Options.max_sequential_skip_in_iterations: 8
2023/01/17-21:59:00.070487 209a3e2c0                    Options.max_compaction_bytes: 1677721600
2023/01/17-21:59:00.070488 209a3e2c0                        Options.arena_block_size: 8388608
2023/01/17-21:59:00.070489 209a3e2c0   Options.soft_pending_compaction_bytes_limit: 68719476736
2023/01/17-21:59:00.070489 209a3e2c0   Options.hard_pending_compaction_bytes_limit: 274877906944
2023/01/17-21:59:00.070490 209a3e2c0       Options.rate_limit_delay_max_milliseconds: 100
2023/01/17-21:59:00.070491 209a3e2c0                Options.disable_auto_compactions: 0
2023/01/17-21:59:00.070492 209a3e2c0                        Options.compaction_style: kCompactionStyleLevel
2023/01/17-21:59:00.070493 209a3e2c0                          Options.compaction_pri: kMinOverlappingRatio
2023/01/17-21:59:00.070494 209a3e2c0 Options.compaction_options_universal.size_ratio: 1
2023/01/17-21:59:00.070495 209a3e2c0 Options.compaction_options_universal.min_merge_width: 2
2023/01/17-21:59:00.070495 209a3e2c0 Options.compaction_options_universal.max_merge_width: 4294967295
2023/01/17-21:59:00.070496 209a3e2c0 Options.compaction_options_universal.max_size_amplification_percent: 200
2023/01/17-21:59:00.070497 209a3e2c0 Options.compaction_options_universal.compression_size_percent: -1
2023/01/17-21:59:00.070498 209a3e2c0 Options.compaction_options_universal.stop_style: kCompactionStopStyleTotalSize
2023/01/17-21:59:00.070499 209a3e2c0 Options.compaction_options_fifo.max_table_files_size: 1073741824
2023/01/17-21:59:00.070500 209a3e2c0 Options.compaction_options_fifo.allow_compaction: 0
2023/01/17-21:59:00.070501 209a3e2c0                   Options.table_properties_collectors: 
2023/01/17-21:59:00.070502 209a3e2c0                   Options.inplace_update_support: 0
2023/01/17-21:59:00.070502 209a3e2c0                 Options.inplace_update_num_locks: 10000
2023/01/17-21:59:00.070503 209a3e2c0               Options.memtable_prefix_bloom_size_ratio: 0.000000
2023/01/17-21:59:00.070504 209a3e2c0               Options.memtable_whole_key_filtering: 0
2023/01/17-21:59:00.070511 209a3e2c0   Options.memtable_huge_page_size: 0
2023/01/17-21:59:00.070512 209a3e2c0                           Options.bloom_locality: 0
2023/01/17-21:59:00.070513 209a3e2c0                    Options.max_successive_merges: 0
2023/01/17-21:59:00.070514 209a3e2c0                Options.optimize_filters_for_hits: 0
2023/01/17-21:59:00.070514 209a3e2c0                Options.paranoid_file_checks: 0
2023/01/17-21:59:00.070515 209a3e2c0                Options.force_consistency_checks: 0
2023/01/17-21:59:00.070516 209a3e2c0                Options.report_bg_io_stats: 0
2023/01/17-21:59:00.070517 209a3e2c0                               Options.ttl: 2592000
2023/01/17-21:59:00.070517 209a3e2c0          Options.periodic_compaction_seconds: 0
2023/01/17-21:59:00.070696 209a3e2c0 [db/column_family.cc:580] --------------- Options for column family [CE]:
2023/01/17-21:59:00.070698 209a3e2c0               Options.comparator: leveldb.BytewiseComparator
2023/01/17-21:59:00.070699 209a3e2c0           Options.merge_operator: None
2023/01/17-21:59:00.070700 209a3e2c0        Options.compaction_filter: filter_outdated
2023/01/17-21:59:00.070701 209a3e2c0        Options.compaction_filter_factory: None
2023/01/17-21:59:00.070702 209a3e2c0  Options.sst_partitioner_factory: None
2023/01/17-21:59:00.070702 209a3e2c0         Options.memtable_factory: SkipListFactory
2023/01/17-21:59:00.070703 209a3e2c0            Options.table_factory: BlockBasedTable
2023/01/17-21:59:00.070712 209a3e2c0            table_factory options:   flush_block_policy_factory: FlushBlockBySizePolicyFactory (0x7fc0fd750f30)
  cache_index_and_filter_blocks: 0
  cache_index_and_filter_blocks_with_high_priority: 1
  pin_l0_filter_and_index_blocks_in_cache: 0
  pin_top_level_index_and_filter: 1
  index_type: 0
  data_block_index_type: 0
  index_shortening: 1
  data_block_hash_table_util_ratio: 0.750000
  hash_index_allow_collision: 1
  checksum: 1
  no_block_cache: 0
  block_cache: 0x7fc0fd760938
  block_cache_name: LRUCache
  block_cache_options:
    capacity : 8388608
    num_shard_bits : 4
    strict_capacity_limit : 0
    memory_allocator : None
    high_pri_pool_ratio: 0.000
  block_cache_compressed: 0x0
  persistent_cache: 0x0
  block_size: 4096
  block_size_deviation: 10
  block_restart_interval: 16
  index_block_restart_interval: 1
  metadata_block_size: 4096
  partition_filters: 0
  use_delta_encoding: 1
  filter_policy: nullptr
  whole_key_filtering: 1
  verify_compression: 0
  read_amp_bytes_per_bit: 0
  format_version: 4
  enable_index_compression: 1
  block_align: 0
2023/01/17-21:59:00.070713 209a3e2c0        Options.write_buffer_size: 67108864
2023/01/17-21:59:00.070714 209a3e2c0  Options.max_write_buffer_number: 2
2023/01/17-21:59:00.070715 209a3e2c0          Options.compression: NoCompression
2023/01/17-21:59:00.070716 209a3e2c0                  Options.bottommost_compression: Disabled
2023/01/17-21:59:00.070717 209a3e2c0       Options.prefix_extractor: nullptr
2023/01/17-21:59:00.070717 209a3e2c0   Options.memtable_insert_with_hint_prefix_extractor: nullptr
2023/01/17-21:59:00.070718 209a3e2c0             Options.num_levels: 7
2023/01/17-21:59:00.070719 209a3e2c0        Options.min_write_buffer_number_to_merge: 1
2023/01/17-21:59:00.070720 209a3e2c0     Options.max_write_buffer_number_to_maintain: 0
2023/01/17-21:59:00.070721 209a3e2c0     Options.max_write_buffer_size_to_maintain: 0
2023/01/17-21:59:00.070721 209a3e2c0            Options.bottommost_compression_opts.window_bits: -14
2023/01/17-21:59:00.070722 209a3e2c0                  Options.bottommost_compression_opts.level: 32767
2023/01/17-21:59:00.070723 209a3e2c0               Options.bottommost_compression_opts.strategy: 0
2023/01/17-21:59:00.070724 209a3e2c0         Options.bottommost_compression_opts.max_dict_bytes: 0
2023/01/17-21:59:00.070725 209a3e2c0         Options.bottommost_compression_opts.zstd_max_train_bytes: 0
2023/01/17-21:59:00.070725 209a3e2c0         Options.bottommost_compression_opts.parallel_threads: 1
2023/01/17-21:59:00.070726 209a3e2c0                  Options.bottommost_compression_opts.enabled: false
2023/01/17-21:59:00.070733 209a3e2c0            Options.compression_opts.window_bits: -14
2023/01/17-21:59:00.070734 209a3e2c0                  Options.compression_opts.level: 32767
2023/01/17-21:59:00.070735 209a3e2c0               Options.compression_opts.strategy: 0
2023/01/17-21:59:00.070736 209a3e2c0         Options.compression_opts.max_dict_bytes: 0
2023/01/17-21:59:00.070737 209a3e2c0         Options.compression_opts.zstd_max_train_bytes: 0
2023/01/17-21:59:00.070737 209a3e2c0         Options.compression_opts.parallel_threads: 1
2023/01/17-21:59:00.070738 209a3e2c0                  Options.compression_opts.enabled: false
2023/01/17-21:59:00.070739 209a3e2c0      Options.level0_file_num_compaction_trigger: 4
2023/01/17-21:59:00.070740 209a3e2c0          Options.level0_slowdown_writes_trigger: 20
2023/01/17-21:59:00.070741 209a3e2c0              Options.level0_stop_writes_trigger: 36
2023/01/17-21:59:00.070741 209a3e2c0                   Options.target_file_size_base: 67108864
2023/01/17-21:59:00.070742 209a3e2c0             Options.target_file_size_multiplier: 1
2023/01/17-21:59:00.070743 209a3e2c0                Options.max_bytes_for_level_base: 268435456
2023/01/17-21:59:00.070744 209a3e2c0 Options.level_compaction_dynamic_level_bytes: 0
2023/01/17-21:59:00.070745 209a3e2c0          Options.max_bytes_for_level_multiplier: 10.000000
2023/01/17-21:59:00.070746 209a3e2c0 Options.max_bytes_for_level_multiplier_addtl[0]: 1
2023/01/17-21:59:00.070746 209a3e2c0 Options.max_bytes_for_level_multiplier_addtl[1]: 1
2023/01/17-21:59:00.070747 209a3e2c0 Options.max_bytes_for_level_multiplier_addtl[2]: 1
2023/01/17-21:59:00.070748 209a3e2c0 Options.max_bytes_for_level_multiplier_addtl[3]: 1
2023/01/17-21:59:00.070749 209a3e2c0 Options.max_bytes_for_level_multiplier_addtl[4]: 1
2023/01/17-21:59:00.070750 209a3e2c0 Options.max_bytes_for_level_multiplier_addtl[5]: 1
2023/01/17-21:59:00.070750 209a3e2c0 Options.max_bytes_for_level_multiplier_addtl[6]: 1
2023/01/17-21:59:00.070751 209a3e2c0       Options.max_sequential_skip_in_iterations: 8
2023/01/17-21:59:00.070752 209a3e2c0                    Options.max_compaction_bytes: 1677721600
2023/01/17-21:59:00.070753 209a3e2c0                        Options.arena_block_size: 8388608
2023/01/17-21:59:00.070754 209a3e2c0   Options.soft_pending_compaction_bytes_limit: 68719476736
2023/01/17-21:59:00.070754 209a3e2c0   Options.hard_pending_compaction_bytes_limit: 274877906944
2023/01/17-21:59:00.070755 209a3e2c0       Options.rate_limit_delay_max_milliseconds: 100
2023/01/17-21:59:00.070756 209a3e2c0                Options.disable_auto_compactions: 1
2023/01/17-21:59:00.070757 209a3e2c0                        Options.compaction_style: kCompactionStyleLevel
2023/01/17-21:59:00.070758 209a3e2c0                          Options.compaction_pri: kMinOverlappingRatio
2023/01/17-21:59:00.070758 209a3e2c0 Options.compaction_options_universal.size_ratio: 1
2023/01/17-21:59:00.070759 209a3e2c0 Options.compaction_options_universal.min_merge_width: 2
2023/01/17-21:59:00.070760 209a3e2c0 Options.compaction_options_universal.max_merge_width: 4294967295
2023/01/17-21:59:00.070761 209a3e2c0 Options.compaction_options_universal.max_size_amplification_percent: 200
2023/01/17-21:59:00.070762 209a3e2c0 Options.compaction_options_universal.compression_size_percent: -1
2023/01/17-21:59:00.070763 209a3e2c0 Options.compaction_options_universal.stop_style: kCompactionStopStyleTotalSize
2023/01/17-21:59:00.070763 209a3e2c0 Options.compaction_options_fifo.max_table_files_size: 1073741824
2023/01/17-21:59:00.070764 209a3e2c0 Options.compaction_options_fifo.allow_compaction: 0
2023/01/17-21:59:00.070765 209a3e2c0                   Options.table_properties_collectors: 
2023/01/17-21:59:00.070766 209a3e2c0                   Options.inplace_update_support: 0
2023/01/17-21:59:00.070767 209a3e2c0                 Options.inplace_update_num_locks: 10000
2023/01/17-21:59:00.070767 209a3e2c0               Options.memtable_prefix_bloom_size_ratio: 0.000000
2023/01/17-21:59:00.070768 209a3e2c0               Options.memtable_whole_key_filtering: 0
2023/01/17-21:59:00.070774 209a3e2c0   Options.memtable_huge_page_size: 0
2023/01/17-21:59:00.070775 209a3e2c0                           Options.bloom_locality: 0
2023/01/17-21:59:00.070776 209a3e2c0                    Options.max_successive_merges: 0
2023/01/17-21:59:00.070776 209a3e2c0                Options.optimize_filters_for_hits: 0
2023/01/17-21:59:00.070777 209a3e2c0                Options.paranoid_file_checks: 0
2023/01/17-21:59:00.070778 209a3e2c0                Options.force_consistency_checks: 0
2023/01/17-21:59:00.070779 209a3e2c0                Options.report_bg_io_stats: 0
2023/01/17-21:59:00.070780 209a3e2c0                               Options.ttl: 2592000
2023/01/17-21:59:00.070780 209a3e2c0          Options.periodic_compaction_seconds: 2592000
2023/01/17-21:59:00.070801 209a3e2c0 [db/column_family.cc:580] --------------- Options for column family [CES]:
2023/01/17-21:59:00.070802 209a3e2c0               Options.comparator: leveldb.BytewiseComparator
2023/01/17-21:59:00.070803 209a3e2c0           Options.merge_operator: None
2023/01/17-21:59:00.070804 209a3e2c0        Options.compaction_filter: filter_outdated
2023/01/17-21:59:00.070805 209a3e2c0        Options.compaction_filter_factory: None
2023/01/17-21:59:00.070806 209a3e2c0  Options.sst_partitioner_factory: None
2023/01/17-21:59:00.070806 209a3e2c0         Options.memtable_factory: SkipListFactory
2023/01/17-21:59:00.070807 209a3e2c0            Options.table_factory: BlockBasedTable
2023/01/17-21:59:00.070815 209a3e2c0            table_factory options:   flush_block_policy_factory: FlushBlockBySizePolicyFactory (0x7fc0fd75eef0)
  cache_index_and_filter_blocks: 0
  cache_index_and_filter_blocks_with_high_priority: 1
  pin_l0_filter_and_index_blocks_in_cache: 0
  pin_top_level_index_and_filter: 1
  index_type: 0
  data_block_index_type: 0
  index_shortening: 1
  data_block_hash_table_util_ratio: 0.750000
  hash_index_allow_collision: 1
  checksum: 1
  no_block_cache: 0
  block_cache: 0x7fc0fd7613d8
  block_cache_name: LRUCache
  block_cache_options:
    capacity : 8388608
    num_shard_bits : 4
    strict_capacity_limit : 0
    memory_allocator : None
    high_pri_pool_ratio: 0.000
  block_cache_compressed: 0x0
  persistent_cache: 0x0
  block_size: 4096
  block_size_deviation: 10
  block_restart_interval: 16
  index_block_restart_interval: 1
  metadata_block_size: 4096
  partition_filters: 0
  use_delta_encoding: 1
  filter_policy: nullptr
  whole_key_filtering: 1
  verify_compression: 0
  read_amp_bytes_per_bit: 0
  format_version: 4
  enable_index_compression: 1
  block_align: 0
2023/01/17-21:59:00.070816 209a3e2c0        Options.write_buffer_size: 67108864
2023/01/17-21:59:00.070817 209a3e2c0  Options.max_write_buffer_number: 2
2023/01/17-21:59:00.070818 209a3e2c0          Options.compression: NoCompression
2023/01/17-21:59:00.070819 209a3e2c0                  Options.bottommost_compression: Disabled
2023/01/17-21:59:00.070820 209a3e2c0       Options.prefix_extractor: nullptr
2023/01/17-21:59:00.070820 209a3e2c0   Options.memtable_insert_with_hint_prefix_extractor: nullptr
2023/01/17-21:59:00.070821 209a3e2c0             Options.num_levels: 7
2023/01/17-21:59:00.070822 209a3e2c0        Options.min_write_buffer_number_to_merge: 1
2023/01/17-21:59:00.070823 209a3e2c0     Options.max_write_buffer_number_to_maintain: 0
2023/01/17-21:59:00.070824 209a3e2c0     Options.max_write_buffer_size_to_maintain: 0
2023/01/17-21:59:00.070824 209a3e2c0            Options.bottommost_compression_opts.window_bits: -14
2023/01/17-21:59:00.070825 209a3e2c0                  Options.bottommost_compression_opts.level: 32767
2023/01/17-21:59:00.070826 209a3e2c0               Options.bottommost_compression_opts.strategy: 0
2023/01/17-21:59:00.070827 209a3e2c0         Options.bottommost_compression_opts.max_dict_bytes: 0
2023/01/17-21:59:00.070828 209a3e2c0         Options.bottommost_compression_opts.zstd_max_train_bytes: 0
2023/01/17-21:59:00.070828 209a3e2c0         Options.bottommost_compression_opts.parallel_threads: 1
2023/01/17-21:59:00.070835 209a3e2c0                  Options.bottommost_compression_opts.enabled: false
2023/01/17-21:59:00.070836 209a3e2c0            Options.compression_opts.window_bits: -14
2023/01/17-21:59:00.070837 209a3e2c0                  Options.compression_opts.level: 32767
2023/01/17-21:59:00.070838 209a3e2c0               Options.compression_opts.strategy: 0
2023/01/17-21:59:00.070838 209a3e2c0         Options.compression_opts.max_dict_bytes: 0
2023/01/17-21:59:00.070839 209a3e2c0         Options.compression_opts.zstd_max_train_bytes: 0
2023/01/17-21:59:00.070840 209a3e2c0         Options.compression_opts.parallel_threads: 1
2023/01/17-21:59:00.070841 209a3e2c0                  Options.compression_opts.enabled: false
2023/01/17-21:59:00.070841 209a3e2c0      Options.level0_file_num_compaction_trigger: 4
2023/01/17-21:59:00.070842 209a3e2c0          Options.level0_slowdown_writes_trigger: 20
2023/01/17-21:59:00.070843 209a3e2c0              Options.level0_stop_writes_trigger: 36
2023/01/17-21:59:00.070844 209a3e2c0                   Options.target_file_size_base: 67108864
2023/01/17-21:59:00.070845 209a3e2c0             Options.target_file_size_multiplier: 1
2023/01/17-21:59:00.070845 209a3e2c0                Options.max_bytes_for_level_base: 268435456
2023/01/17-21:59:00.070846 209a3e2c0 Options.level_compaction_dynamic_level_bytes: 0
2023/01/17-21:59:00.070847 209a3e2c0          Options.max_bytes_for_level_multiplier: 10.000000
2023/01/17-21:59:00.070848 209a3e2c0 Options.max_bytes_for_level_multiplier_addtl[0]: 1
2023/01/17-21:59:00.070849 209a3e2c0 Options.max_bytes_for_level_multiplier_addtl[1]: 1
2023/01/17-21:59:00.070849 209a3e2c0 Options.max_bytes_for_level_multiplier_addtl[2]: 1
2023/01/17-21:59:00.070850 209a3e2c0 Options.max_bytes_for_level_multiplier_addtl[3]: 1
2023/01/17-21:59:00.070851 209a3e2c0 Options.max_bytes_for_level_multiplier_addtl[4]: 1
2023/01/17-21:59:00.070852 209a3e2c0 Options.max_bytes_for_level_multiplier_addtl[5]: 1
2023/01/17-21:59:00.070853 209a3e2c0 Options.max_bytes_for_level_multiplier_addtl[6]: 1
2023/01/17-21:59:00.070854 209a3e2c0       Options.max_sequential_skip_in_iterations: 8
2023/01/17-21:59:00.070854 209a3e2c0                    Options.max_compaction_bytes: 1677721600
2023/01/17-21:59:00.070855 209a3e2c0                        Options.arena_block_size: 8388608
2023/01/17-21:59:00.070856 209a3e2c0   Options.soft_pending_compaction_bytes_limit: 68719476736
2023/01/17-21:59:00.070857 209a3e2c0   Options.hard_pending_compaction_bytes_limit: 274877906944
2023/01/17-21:59:00.070857 209a3e2c0       Options.rate_limit_delay_max_milliseconds: 100
2023/01/17-21:59:00.070858 209a3e2c0                Options.disable_auto_compactions: 1
2023/01/17-21:59:00.070859 209a3e2c0                        Options.compaction_style: kCompactionStyleLevel
2023/01/17-21:59:00.070860 209a3e2c0                          Options.compaction_pri: kMinOverlappingRatio
2023/01/17-21:59:00.070860 209a3e2c0 Options.compaction_options_universal.size_ratio: 1
2023/01/17-21:59:00.070861 209a3e2c0 Options.compaction_options_universal.min_merge_width: 2
2023/01/17-21:59:00.070862 209a3e2c0 Options.compaction_options_universal.max_merge_width: 4294967295
2023/01/17-21:59:00.070863 209a3e2c0 Options.compaction_options_universal.max_size_amplification_percent: 200
2023/01/17-21:59:00.070864 209a3e2c0 Options.compaction_options_universal.compression_size_percent: -1
2023/01/17-21:59:00.070864 209a3e2c0 Options.compaction_options_universal.stop_style: kCompactionStopStyleTotalSize
2023/01/17-21:59:00.070865 209a3e2c0 Options.compaction_options_fifo.max_table_files_size: 1073741824
2023/01/17-21:59:00.070866 209a3e2c0 Options.compaction_options_fifo.allow_compaction: 0
2023/01/17-21:59:00.070867 209a3e2c0                   Options.table_properties_collectors: 
2023/01/17-21:59:00.070868 209a3e2c0                   Options.inplace_update_support: 0
2023/01/17-21:59:00.070868 209a3e2c0                 Options.inplace_update_num_locks: 10000
2023/01/17-21:59:00.070869 209a3e2c0               Options.memtable_prefix_bloom_size_ratio: 0.000000
2023/01/17-21:59:00.070876 209a3e2c0               Options.memtable_whole_key_filtering: 0
2023/01/17-21:59:00.070877 209a3e2c0   Options.memtable_huge_page_size: 0
2023/01/17-21:59:00.070878 209a3e2c0                           Options.bloom_locality: 0
2023/01/17-21:59:00.070878 209a3e2c0                    Options.max_successive_merges: 0
2023/01/17-21:59:00.070879 209a3e2c0                Options.optimize_filters_for_hits: 0
2023/01/17-21:59:00.070880 209a3e2c0                Options.paranoid_file_checks: 0
2023/01/17-21:59:00.070881 209a3e2c0                Options.force_consistency_checks: 0
2023/01/17-21:59:00.070881 209a3e2c0                Options.report_bg_io_stats: 0
2023/01/17-21:59:00.070882 209a3e2c0                               Options.ttl: 2592000
2023/01/17-21:59:00.070883 209a3e2c0          Options.periodic_compaction_seconds: 2592000
2023/01/17-21:59:00.071935 209a3e2c0 [db/version_set.cc:4718] Recovered from manifest file:/Users/yugo/dfinity/motokobootcamp2023/.dfx/network/local/state/replicated_state/node-100/ic_consensus_pool/certification/MANIFEST-000004 succeeded,manifest_file_number is 4, next_file_number is 18, last_sequence is 1004, log_number is 14,prev_log_number is 0,max_column_family is 2,min_log_number_to_keep is 0
2023/01/17-21:59:00.071938 209a3e2c0 [db/version_set.cc:4727] Column family [default] (ID 0), log number is 0
2023/01/17-21:59:00.071940 209a3e2c0 [db/version_set.cc:4727] Column family [CE] (ID 1), log number is 11
2023/01/17-21:59:00.071940 209a3e2c0 [db/version_set.cc:4727] Column family [CES] (ID 2), log number is 14
2023/01/17-21:59:00.072070 209a3e2c0 EVENT_LOG_v1 {"time_micros": 1673960340072066, "job": 1, "event": "recovery_started", "log_files": [11, 14]}
2023/01/17-21:59:00.072073 209a3e2c0 [db/db_impl/db_impl_open.cc:823] Recovering log #11 mode 2
2023/01/17-21:59:00.072187 209a3e2c0 [db/db_impl/db_impl_open.cc:823] Recovering log #14 mode 2
2023/01/17-21:59:00.080407 209a3e2c0 EVENT_LOG_v1 {"time_micros": 1673960340080383, "cf_name": "CE", "job": 1, "event": "table_file_creation", "file_number": 18, "file_size": 1050548, "table_properties": {"data_size": 1044807, "index_size": 4918, "index_partitions": 0, "top_level_index_size": 0, "index_key_is_user_key": 1, "index_value_is_delta_encoded": 1, "filter_size": 0, "raw_key_size": 243888, "raw_average_key_size": 48, "raw_value_size": 808175, "raw_average_value_size": 159, "num_data_blocks": 257, "num_entries": 5081, "num_deletions": 0, "num_merge_operands": 0, "num_range_deletions": 0, "format_version": 0, "fixed_key_len": 0, "filter_policy": "", "column_family_name": "CE", "column_family_id": 1, "comparator": "leveldb.BytewiseComparator", "merge_operator": "nullptr", "prefix_extractor_name": "nullptr", "property_collectors": "[]", "compression": "NoCompression", "compression_options": "window_bits=-14; level=32767; strategy=0; max_dict_bytes=0; zstd_max_train_bytes=0; enabled=0; ", "creation_time": 1673960340, "oldest_key_time": 0, "file_creation_time": 0, "db_id": "173b16b9dabacc65-c8f0b332de2e5673", "db_session_id": "OAXODQ09RUIL2ZSWE67N"}}
2023/01/17-21:59:00.083084 209a3e2c0 EVENT_LOG_v1 {"time_micros": 1673960340083062, "cf_name": "CES", "job": 1, "event": "table_file_creation", "file_number": 19, "file_size": 957856, "table_properties": {"data_size": 952400, "index_size": 4632, "index_partitions": 0, "top_level_index_size": 0, "index_key_is_user_key": 1, "index_value_is_delta_encoded": 1, "filter_size": 0, "raw_key_size": 243840, "raw_average_key_size": 48, "raw_value_size": 716280, "raw_average_value_size": 141, "num_data_blocks": 242, "num_entries": 5080, "num_deletions": 0, "num_merge_operands": 0, "num_range_deletions": 0, "format_version": 0, "fixed_key_len": 0, "filter_policy": "", "column_family_name": "CES", "column_family_id": 2, "comparator": "leveldb.BytewiseComparator", "merge_operator": "nullptr", "prefix_extractor_name": "nullptr", "property_collectors": "[]", "compression": "NoCompression", "compression_options": "window_bits=-14; level=32767; strategy=0; max_dict_bytes=0; zstd_max_train_bytes=0; enabled=0; ", "creation_time": 1673960340, "oldest_key_time": 0, "file_creation_time": 0, "db_id": "173b16b9dabacc65-c8f0b332de2e5673", "db_session_id": "OAXODQ09RUIL2ZSWE67N"}}
2023/01/17-21:59:00.083112 209a3e2c0 [db/version_set.cc:3950] Creating manifest 20
2023/01/17-21:59:00.083415 209a3e2c0 EVENT_LOG_v1 {"time_micros": 1673960340083413, "job": 1, "event": "recovery_finished"}
2023/01/17-21:59:00.086828 209a3e2c0 [file/delete_scheduler.cc:73] Deleted file /Users/yugo/dfinity/motokobootcamp2023/.dfx/network/local/state/replicated_state/node-100/ic_consensus_pool/certification/000014.log immediately, rate_bytes_per_sec 0, total_trash_size 0 max_trash_db_ratio 0.250000
2023/01/17-21:59:00.086868 209a3e2c0 [file/delete_scheduler.cc:73] Deleted file /Users/yugo/dfinity/motokobootcamp2023/.dfx/network/local/state/replicated_state/node-100/ic_consensus_pool/certification/000011.log immediately, rate_bytes_per_sec 0, total_trash_size 0 max_trash_db_ratio 0.250000
2023/01/17-21:59:00.087868 209a3e2c0 [db/db_impl/db_impl_open.cc:1639] SstFileManager instance 0x7fc0fd762c90
2023/01/17-21:59:00.087901 209a3e2c0 DB pointer 0x7fc0fd8fd400
2023/01/17-21:59:00.320522 335f1c000 [db/db_impl/db_impl_compaction_flush.cc:1524] [CE] Manual compaction starting
2023/01/17-21:59:00.320697 3196bf000 (Original Log Time 2023/01/17-21:59:00.320669) [db/db_impl/db_impl_compaction_flush.cc:2601] [CE] Manual compaction from level-0 to level-1 from '00000000000000000000000000000000000000000000000000000000000000000000000000000000' seq:72057594037927935, type:20 .. '000000000000157C0000000000000000000000000000000000000000000000000000000000000000' seq:0, type:0; will stop at (end)
2023/01/17-21:59:00.320704 3196bf000 [db/compaction/compaction_job.cc:1762] [CE] [JOB 3] Compacting 1@0 files to L1, score -1.00
2023/01/17-21:59:00.320711 3196bf000 [db/compaction/compaction_job.cc:1766] [CE] Compaction start summary: Base version 7 Base level 0, inputs: [18(1025KB)]
2023/01/17-21:59:00.320739 3196bf000 EVENT_LOG_v1 {"time_micros": 1673960340320720, "job": 3, "event": "compaction_started", "compaction_reason": "ManualCompaction", "files_L0": [18], "score": -1, "input_data_size": 1050548}
2023/01/17-21:59:00.322102 3196bf000 [db/compaction/compaction_job.cc:1428] [CE] [JOB 3] Generated table #24: 83 keys, 17882 bytes
